5 4 6
    0.8147    0.0975    0.1576    0.1419
    0.9058    0.2785    0.9706    0.4218
    0.1270    0.5469    0.9572    0.9157
    0.9134    0.9575    0.4854    0.7922
    0.6324    0.9649    0.8003    0.9595

    0.6557    0.6787    0.6555    0.2769    0.6948    0.4387
    0.0357    0.7577    0.1712    0.0462    0.3171    0.3816
    0.8491    0.7431    0.7060    0.0971    0.9502    0.7655
    0.9340    0.3922    0.0318    0.8235    0.0344    0.7952



Matrixszorzas. Az nxm-es A matrix es az mxk-s B matrix szorzata. Az adatok:
n m k 
A
B

Az eredmeny 6 tizedesjegyre kiiratva: 

0.804032 0.799578 0.666506 0.362253 0.751604 0.628097 
1.821973 1.712469 1.340088 0.705280 1.654436 1.582060 
1.770821 1.571014 0.881780 0.907456 1.202693 1.725313 
1.785167 2.016824 1.130542 0.996666 1.426732 1.767622 
2.024819 2.131333 1.175253 1.087547 1.538813 2.021264 

