6 6 

    1.10000    2.00000   -3.00000    4.50000   12.00000   -1.40000
    3.40000    2.20000    4.50000    1.00000   -9.00000    0.00000
   -3.00000    0.00000    0.00000    1.10000    2.00000    3.00000
    2.60000    2.00000   -1.00000    7.00000    8.00000    8.00000
    7.00000    0.00000    0.00000   -4.00000    3.40000    5.00000
    2.00000   -1.00000    3.00000    5.40000    2.50000    3.00000
 1.2000    1.4000    1.6000    1.8000    2.0000    2.2000



A szorzat: 
28.3400   -1.8400    8.9800   50.5200   19.0000   27.1200
