13 8

    0.5860    0.0170    0.1925    0.1239    0.1420    0.7856    0.8422    0.7069
    0.2467    0.1209    0.1231    0.4904    0.1665    0.5134    0.5590    0.9995
    0.6664    0.8627    0.2055    0.8530    0.6210    0.1776    0.8541    0.2878
    0.0835    0.4843    0.1465    0.8739    0.5737    0.3986    0.3479    0.4145
    0.6260    0.8449    0.1891    0.2703    0.0521    0.1339    0.4460    0.4648
    0.6609    0.2094    0.0427    0.2085    0.9312    0.0309    0.0542    0.7640
    0.7298    0.5523    0.6352    0.5650    0.7287    0.9391    0.1771    0.8182
    0.8908    0.6299    0.2819    0.6403    0.7378    0.3013    0.6628    0.1002
    0.9823    0.0320    0.5386    0.4170    0.0634    0.2955    0.3308    0.1781
    0.7690    0.6147    0.6952    0.2060    0.8604    0.3329    0.8985    0.3596
    0.5814    0.3624    0.4991    0.9479    0.9344    0.4671    0.1182    0.0567
    0.9283    0.0495    0.5358    0.0821    0.9844    0.6482    0.9884    0.5219
    0.5801    0.4896    0.4452    0.1057    0.8589    0.0252    0.5400    0.3358
    
   8.3312
   5.1454
