  13  
    0.4624    0.6074    0.4257    0.6619    0.3181    0.1058    0.6963    0.2621    0.3309    0.2160    0.5880    0.4952    0.0005
    0.4243    0.1917    0.6444    0.7703    0.1192    0.1097    0.0938    0.0445    0.4243    0.7904    0.1548    0.1897    0.8654
    0.4609    0.7384    0.6476    0.3502    0.9398    0.0636    0.5254    0.7549    0.2703    0.9493    0.1999    0.4950    0.6126
    0.7702    0.2428    0.6790    0.6620    0.6456    0.4046    0.5303    0.2428    0.1971    0.3276    0.4070    0.1476    0.9900
    0.3225    0.9174    0.6358    0.4162    0.4795    0.4484    0.8611    0.4424    0.8217    0.6713    0.7487    0.0550    0.5277
    0.7847    0.2691    0.9452    0.8419    0.6393    0.3658    0.4849    0.6878    0.4299    0.4386    0.8256    0.8507    0.4795
    0.4714    0.7655    0.2089    0.8329    0.5447    0.7635    0.3935    0.3592    0.8878    0.8335    0.7900    0.5606    0.8013
    0.0358    0.1887    0.7093    0.2564    0.6473    0.6279    0.6714    0.7363    0.3912    0.7689    0.3185    0.9296    0.2278
    0.1759    0.2875    0.2362    0.6135    0.5439    0.7720    0.7413    0.3947    0.7691    0.1673    0.5341    0.6967    0.4981
    0.7218    0.0911    0.1194    0.5822    0.7210    0.9329    0.5201    0.6834    0.3968    0.8620    0.0900    0.5828    0.9009
    0.4735    0.5762    0.6073    0.5407    0.5225    0.9727    0.3477    0.7040    0.8085    0.9899    0.1117    0.8154    0.5747
    0.1527    0.6834    0.4501    0.8699    0.9937    0.1920    0.1500    0.4423    0.7551    0.5144    0.1363    0.8790    0.8452
    0.3411    0.5466    0.4587    0.2648    0.2187    0.1389    0.5861    0.0196    0.3774    0.8843    0.6787    0.9889    0.7386
    
    
    8.4135
    8.2128
    
