start: 4
0.00000000 1.00000000 -2.00000000 4.00000000 
1.00000000 -3.00000000 0.00000000 2.00000000 
4.00000000 2.00000000 -28.00000000 1.00000000 
-1.00000000 0.00000000 1.00000000 1.00000000 




3.00000000 0.00000000 21.00000000 1.00000000 -1.66666667 -0.33333333 -1.00000000 0.33333333 
1.00000000 1.00000000 1.00000000 1.00000000 -0.92063492 -0.46031746 -0.19047619 0.26984127 
4start: 4
-1.00000000 -2.00000000 0.00000000 1.00000000 
2.00000000 4.00000000 0.00000000 1.00000000 
1.00000000 3.00000000 1.00000000 4.00000000 
3.00000000 8.00000000 2.00000000 -2.00000000 




-2.00000000 7.00000000 9.00000000 11.00000000 9.66666667 -3.33333333 5.33333333 1.00000000 
2.34000000 1.24500000 -3.40000000 1.23400000 169029101214469504.00000000 -84514550607234752.00000000 84514550607234736.00000000 1.97500000 
0